# Camera list with one line of data per camera:
#   CAMERA_ID, MODEL, WIDTH, HEIGHT, PARAMS[]
# Number of cameras: 12
39 SIMPLE_RADIAL 5712 4284 3953.2679568575354 2856 2142 0.00093111489634588383
38 SIMPLE_RADIAL 5712 4284 4015.4290780115343 2856 2142 -0.0024260413532719302
37 SIMPLE_RADIAL 5712 4284 4031.7884020043462 2856 2142 -0.021573987796331164
33 SIMPLE_RADIAL 5712 4284 5145.1379685556494 2856 2142 0.01311100593935214
4 SIMPLE_RADIAL 5712 4284 4126.5946539616634 2856 2142 0.011176674092845956
42 SIMPLE_RADIAL 5712 4284 4121.8074068812366 2856 2142 -0.0056928444630175304
3 SIMPLE_RADIAL 5712 4284 3985.9244412678249 2856 2142 0.091183717430537659
41 SIMPLE_RADIAL 5712 4284 4124.0523123565372 2856 2142 0.00086891966588301974
15 SIMPLE_RADIAL 5712 4284 3449.1719713856096 2856 2142 -0.025770594949911976
2 SIMPLE_RADIAL 5712 4284 3970.8153753037222 2856 2142 0.016839698706644111
40 SIMPLE_RADIAL 5712 4284 4030.3222451254242 2856 2142 -0.013417105019020331
1 SIMPLE_RADIAL 5712 4284 4016.4578028692681 2856 2142 -0.0048392217425330727
